255 255 255 255 255 255 255 255 255 255 255 255 255 255 255 255
255 255 255 255 255 255 255 255 255 255 255 255 255 255 255 255
255 255  25  16  16  16  16  16  16  16  16  16  16  25 255 255
255 255  16   0   0 212 212 212 212 212 212 212 178  16 255 255
255 255  16   0   0 253 253 253 253 253 253   0 212  16 255 255
255 255  16 212 253 253 168   0   0   0 253 253 212  16 255 255
255 255  16 212 253 253   0 253 253 253 253 253 212  16 255 255
255 255  16 212 253 253   0 253 114 114 253 253 212  16 255 255
255 255  16 212 253 253   0 253   0   0 253 253 212  16 255 255
255 255  16 212 253 253   0 253 253   0 253 253 212  16 255 255
255 255  16 212 253 253   0   0   0   0 253 253 212  16 255 255
255 255  16 212   0 253 253 253 253 253 253   0 212  16 255 255
255 255  16 178 212 212 212 212 212 212 212 212 178  16 255 255
255 255  25  16  16  16  16  16  16  16  16  16  16  25 255 255
255 255 255 255 255 255 255 255 255 255 255 255 255 255 255 255
255 255 255 255 255 255 255 255 255 255 255 255 255 255 255 255
255 255 255 255 255 255 255 255 255 255 255 255 255 255 255 255
255 255 255 255 255 255 255 255 255 255 255 255 255 255 255 255
255 255  25  16  16  16  16  16  16  16  16  16  16  25 255 255
255 255  16   0   0 212 212 212 212 212 212 212 178  16 255 255
255 255  16   0   0 253 253 253 253 253 253   0 212  16 255 255
255 255  16 212 253 253 168   0   0   0 253 253 212  16 255 255
255 255  16 212 253 253   0 253 253 253 253 253 212  16 255 255
255 255  16 212 253 253   0 253 114 114 253 253 212  16 255 255
255 255  16 212 253 253   0 253   0   0 253 253 212  16 255 255
255 255  16 212 253 253   0 253 253   0 253 253 212  16 255 255
255 255  16 212 253 253   0   0   0   0 253 253 212  16 255 255
255 255  16 212   0 253 253 253 253 253 253   0 212  16 255 255
255 255  16 178 212 212 212 212 212 212 212 212 178  16 255 255
255 255  25  16  16  16  16  16  16  16  16  16  16  25 255 255
255 255 255 255 255 255 255 255 255 255 255 255 255 255 255 255
255 255 255 255 255 255 255 255 255 255 255 255 255 255 255 255
255 255 255 255 255 255 255 255 255 255 255 255 255 255 255 255
255 255 255 255 255 255 255 255 255 255 255 255 255 255 255 255
255 255  25  16  16  16  16  16  16  16  16  16  16  25 255 255
255 255  16   0   0 212 212 212 212 212 212 212 178  16 255 255
255 255  16   0   0 253 253 253 253 253 253   0 212  16 255 255
255 255  16 212 253 253 168   0   0   0 253 253 212  16 255 255
255 255  16 212 253 253   0 253 253 253 253 253 212  16 255 255
255 255  16 212 253 253   0 253 114 114 253 253 212  16 255 255
255 255  16 212 253 253   0 253   0   0 253 253 212  16 255 255
255 255  16 212 253 253   0 253 253   0 253 253 212  16 255 255
255 255  16 212 253 253   0   0   0   0 253 253 212  16 255 255
255 255  16 212   0 253 253 253 253 253 253   0 212  16 255 255
255 255  16 178 212 212 212 212 212 212 212 212 178  16 255 255
255 255  25  16  16  16  16  16  16  16  16  16  16  25 255 255
255 255 255 255 255 255 255 255 255 255 255 255 255 255 255 255
255 255 255 255 255 255 255 255 255 255 255 255 255 255 255 255

255 255 255 255 255 255 255 255 255 255 255 255 255 255 255 255
255 214 153 153 153 153 153 153 153 153 153 153 153 153 214 255
255 153   1   1   1   1   1   1   1   1   1   1   1   1 153 255
255 153   1  66 110 126 131 131 131 131 126 110  66   1 153 255
255 153   1 110   0 193 253 253 253 253 193   0 110   1 153 255
255 153   1 126 193 238 253 253 253 253 238 193 126   1 153 255
255 153   1 131 215   5 209 128   5   5  39 216 131   1 153 255
255 153   1 131 214   0 209 125  30 166  22 137 131   1 153 255
255 153   1 131 214   0 136 165 165 165  22 137 131   1 153 255
255 153   1 131 240  89   5   5   5   5  39 216 131   1 153 255
255 153   1 131 253 253 253 253 253 253 238 193 126   1 153 255
255 153   1  26  91 253 253 253 253 253 193   0 110   1 153 255
255 153   1   0  26 131 131 131 131 131 126 110  66   1 153 255
255 153   1   1   1   1   1   1   1   1   1   1   1   1 153 255
255 214 153 153 153 153 153 153 153 153 153 153 153 153 214 255
255 255 255 255 255 255 255 255 255 255 255 255 255 255 255 255
255 255 255 255 255 255 255 255 255 255 255 255 255 255 255 255
255 214 153 153 153 153 153 153 153 153 153 153 153 153 214 255
255 153   1   1   1   1   1   1   1   1   1   1   1   1 153 255
255 153   1  66 110 126 131 131 131 131 126 110  66   1 153 255
255 153   1 110   0 193 253 253 253 253 193   0 110   1 153 255
255 153   1 126 193 238 253 253 253 253 238 193 126   1 153 255
255 153   1 131 215   5 209 128   5   5  39 216 131   1 153 255
255 153   1 131 214   0 209 125  30 166  22 137 131   1 153 255
255 153   1 131 214   0 136 165 165 165  22 137 131   1 153 255
255 153   1 131 240  89   5   5   5   5  39 216 131   1 153 255
255 153   1 131 253 253 253 253 253 253 238 193 126   1 153 255
255 153   1  26  91 253 253 253 253 253 193   0 110   1 153 255
255 153   1   0  26 131 131 131 131 131 126 110  66   1 153 255
255 153   1   1   1   1   1   1   1   1   1   1   1   1 153 255
255 214 153 153 153 153 153 153 153 153 153 153 153 153 214 255
255 255 255 255 255 255 255 255 255 255 255 255 255 255 255 255
255 255 255 255 255 255 255 255 255 255 255 255 255 255 255 255
255 214 153 153 153 153 153 153 153 153 153 153 153 153 214 255
255 153   1   1   1   1   1   1   1   1   1   1   1   1 153 255
255 153   1  66 110 126 131 131 131 131 126 110  66   1 153 255
255 153   1 110   0 193 253 253 253 253 193   0 110   1 153 255
255 153   1 126 193 238 253 253 253 253 238 193 126   1 153 255
255 153   1 131 215   5 209 128   5   5  39 216 131   1 153 255
255 153   1 131 214   0 209 125  30 166  22 137 131   1 153 255
255 153   1 131 214   0 136 165 165 165  22 137 131   1 153 255
255 153   1 131 240  89   5   5   5   5  39 216 131   1 153 255
255 153   1 131 253 253 253 253 253 253 238 193 126   1 153 255
255 153   1  26  91 253 253 253 253 253 193   0 110   1 153 255
255 153   1   0  26 131 131 131 131 131 126 110  66   1 153 255
255 153   1   1   1   1   1   1   1   1   1   1   1   1 153 255
255 214 153 153 153 153 153 153 153 153 153 153 153 153 214 255
255 255 255 255 255 255 255 255 255 255 255 255 255 255 255 255

255 255 255 255 255 255 255 255 255 255 255 255 255 255 255 255
255 214 153 153 153 153 153 153 153 153 153 153 153 153 214 255
255 153   1   1   1   1   1   1   1   1   1   1   1   1 153 255
255 153   1  66 110 126 131 131 131 131 126 110  66   1 153 255
255 153   1 110   0 193 216 137 137 216 193   0 110   1 153 255
255 153   1 126 193 238  39  22  22  39 238 193 126   1 153 255
255 153   1 131 253 253   5 166 165   5 253 253 131   1 153 255
255 153   1 131 253 253   5  30 165   5 253 253 131   1 153 255
255 153   1 131 253 253 128 125 165   5 253 253 131   1 153 255
255 153   1 131 253 253 209 209 136   5 253 253 131   1 153 255
255 153   1 126 193 238   5   0   0  89 253 253 131   1 153 255
255 153   1 110   0 193 215 214 214 240 253  91  26   1 153 255
255 153   1  66 110 126 131 131 131 131 131  26   0   1 153 255
255 153   1   1   1   1   1   1   1   1   1   1   1   1 153 255
255 214 153 153 153 153 153 153 153 153 153 153 153 153 214 255
255 255 255 255 255 255 255 255 255 255 255 255 255 255 255 255
255 255 255 255 255 255 255 255 255 255 255 255 255 255 255 255
255 214 153 153 153 153 153 153 153 153 153 153 153 153 214 255
255 153   1   1   1   1   1   1   1   1   1   1   1   1 153 255
255 153   1  66 110 126 131 131 131 131 126 110  66   1 153 255
255 153   1 110   0 193 216 137 137 216 193   0 110   1 153 255
255 153   1 126 193 238  39  22  22  39 238 193 126   1 153 255
255 153   1 131 253 253   5 166 165   5 253 253 131   1 153 255
255 153   1 131 253 253   5  30 165   5 253 253 131   1 153 255
255 153   1 131 253 253 128 125 165   5 253 253 131   1 153 255
255 153   1 131 253 253 209 209 136   5 253 253 131   1 153 255
255 153   1 126 193 238   5   0   0  89 253 253 131   1 153 255
255 153   1 110   0 193 215 214 214 240 253  91  26   1 153 255
255 153   1  66 110 126 131 131 131 131 131  26   0   1 153 255
255 153   1   1   1   1   1   1   1   1   1   1   1   1 153 255
255 214 153 153 153 153 153 153 153 153 153 153 153 153 214 255
255 255 255 255 255 255 255 255 255 255 255 255 255 255 255 255
255 255 255 255 255 255 255 255 255 255 255 255 255 255 255 255
255 214 153 153 153 153 153 153 153 153 153 153 153 153 214 255
255 153   1   1   1   1   1   1   1   1   1   1   1   1 153 255
255 153   1  66 110 126 131 131 131 131 126 110  66   1 153 255
255 153   1 110   0 193 216 137 137 216 193   0 110   1 153 255
255 153   1 126 193 238  39  22  22  39 238 193 126   1 153 255
255 153   1 131 253 253   5 166 165   5 253 253 131   1 153 255
255 153   1 131 253 253   5  30 165   5 253 253 131   1 153 255
255 153   1 131 253 253 128 125 165   5 253 253 131   1 153 255
255 153   1 131 253 253 209 209 136   5 253 253 131   1 153 255
255 153   1 126 193 238   5   0   0  89 253 253 131   1 153 255
255 153   1 110   0 193 215 214 214 240 253  91  26   1 153 255
255 153   1  66 110 126 131 131 131 131 131  26   0   1 153 255
255 153   1   1   1   1   1   1   1   1   1   1   1   1 153 255
255 214 153 153 153 153 153 153 153 153 153 153 153 153 214 255
255 255 255 255 255 255 255 255 255 255 255 255 255 255 255 255

255 255 255 255 255 255 255 255 255 255 255 255 255 255 255 255
255 214 153 153 153 153 153 153 153 153 153 153 153 153 214 255
255 153   1   1   1   1   1   1   1   1   1   1   1   1 153 255
255 153   1  66 110 126 131 131 131 131 131  26   0   1 153 255
255 153   1 110   0 193 253 253 253 253 253  91  26   1 153 255
255 153   1 126 193 238 253 253 253 253 253 253 131   1 153 255
255 153   1 131 216  39   5   5   5   5  89 240 131   1 153 255
255 153   1 131 137  22 165 165 165 136   0 214 131   1 153 255
255 153   1 131 137  22 166  30 125 209   0 214 131   1 153 255
255 153   1 131 216  39   5   5 128 209   5 215 131   1 153 255
255 153   1 126 193 238 253 253 253 253 238 193 126   1 153 255
255 153   1 110   0 193 253 253 253 253 193   0 110   1 153 255
255 153   1  66 110 126 131 131 131 131 126 110  66   1 153 255
255 153   1   1   1   1   1   1   1   1   1   1   1   1 153 255
255 214 153 153 153 153 153 153 153 153 153 153 153 153 214 255
255 255 255 255 255 255 255 255 255 255 255 255 255 255 255 255
255 255 255 255 255 255 255 255 255 255 255 255 255 255 255 255
255 214 153 153 153 153 153 153 153 153 153 153 153 153 214 255
255 153   1   1   1   1   1   1   1   1   1   1   1   1 153 255
255 153   1  66 110 126 131 131 131 131 131  26   0   1 153 255
255 153   1 110   0 193 253 253 253 253 253  91  26   1 153 255
255 153   1 126 193 238 253 253 253 253 253 253 131   1 153 255
255 153   1 131 216  39   5   5   5   5  89 240 131   1 153 255
255 153   1 131 137  22 165 165 165 136   0 214 131   1 153 255
255 153   1 131 137  22 166  30 125 209   0 214 131   1 153 255
255 153   1 131 216  39   5   5 128 209   5 215 131   1 153 255
255 153   1 126 193 238 253 253 253 253 238 193 126   1 153 255
255 153   1 110   0 193 253 253 253 253 193   0 110   1 153 255
255 153   1  66 110 126 131 131 131 131 126 110  66   1 153 255
255 153   1   1   1   1   1   1   1   1   1   1   1   1 153 255
255 214 153 153 153 153 153 153 153 153 153 153 153 153 214 255
255 255 255 255 255 255 255 255 255 255 255 255 255 255 255 255
255 255 255 255 255 255 255 255 255 255 255 255 255 255 255 255
255 214 153 153 153 153 153 153 153 153 153 153 153 153 214 255
255 153   1   1   1   1   1   1   1   1   1   1   1   1 153 255
255 153   1  66 110 126 131 131 131 131 131  26   0   1 153 255
255 153   1 110   0 193 253 253 253 253 253  91  26   1 153 255
255 153   1 126 193 238 253 253 253 253 253 253 131   1 153 255
255 153   1 131 216  39   5   5   5   5  89 240 131   1 153 255
255 153   1 131 137  22 165 165 165 136   0 214 131   1 153 255
255 153   1 131 137  22 166  30 125 209   0 214 131   1 153 255
255 153   1 131 216  39   5   5 128 209   5 215 131   1 153 255
255 153   1 126 193 238 253 253 253 253 238 193 126   1 153 255
255 153   1 110   0 193 253 253 253 253 193   0 110   1 153 255
255 153   1  66 110 126 131 131 131 131 126 110  66   1 153 255
255 153   1   1   1   1   1   1   1   1   1   1   1   1 153 255
255 214 153 153 153 153 153 153 153 153 153 153 153 153 214 255
255 255 255 255 255 255 255 255 255 255 255 255 255 255 255 255
